
X.shape: (1567, 590)

the number of labels: 1567

the number of predictor variables: 590

Class distribution:

label  count  percentage
 Pass   1463       93.36
 Fail    104        6.64

Total missing values: 41951

Percentage of missing values: 4.54%

Distribution of missing rates:

Missing Rate (%)  Number of Features
            0-5%                 486
           5-10%                   0
          10-20%                  20
          20-40%                   0
          40-50%                   4
         50-100%                  28

the number of constant features: 116

Constant features:

[5, 13, 42, 49, 52, 69, 97, 141, 149, 178, 179, 186, 189, 190, 191, 192, 193, 194, 226, 229, 230, 231, 232, 233, 234, 235, 236, 237, 240, 241, 242, 243, 256, 257, 258, 259, 260, 261, 262, 263, 264, 265, 266, 276, 284, 313, 314, 315, 322, 325, 326, 327, 328, 329, 330, 364, 369, 370, 371, 372, 373, 374, 375, 378, 379, 380, 381, 394, 395, 396, 397, 398, 399, 400, 401, 402, 403, 404, 414, 422, 449, 450, 451, 458, 461, 462, 463, 464, 465, 466, 481, 498, 501, 502, 503, 504, 505, 506, 507, 508, 509, 512, 513, 514, 515, 528, 529, 530, 531, 532, 533, 534, 535, 536, 537, 538]

Near-zero variance features:

 feature_id  most_frequent_value  freq_ratio  percent_unique  n_unique
         74               0.0000     1560.00           0.128         2
        114               0.0000      772.50           1.276        20
        206               0.0000     1560.00           0.128         2
        209               0.0000     1560.00           0.128         2
        249               0.0000     1545.00           1.468        23
        342               0.0000     1560.00           0.128         2
        347               0.0000     1560.00           0.128         2
        387               0.0000      772.50           1.404        22
        478               0.0000     1560.00           0.128         2
        521               0.0000      110.43           0.574         9
        542               0.1096       24.58           6.509       102

the number of exact duplicate features: 111

Exact duplicate features:

[13, 52, 97, 141, 149, 178, 179, 186, 189, 190, 191, 192, 193, 194, 226, 229, 230, 231, 232, 233, 234, 235, 236, 237, 240, 241, 242, 243, 256, 257, 258, 259, 260, 261, 262, 263, 264, 265, 266, 276, 284, 313, 314, 315, 322, 325, 326, 327, 328, 329, 330, 364, 369, 370, 371, 372, 373, 374, 375, 378, 379, 380, 381, 394, 395, 396, 397, 398, 399, 400, 401, 402, 403, 404, 414, 422, 449, 450, 451, 458, 461, 462, 463, 464, 465, 466, 498, 501, 502, 503, 504, 505, 506, 507, 508, 509, 512, 513, 514, 515, 528, 529, 530, 531, 532, 533, 534, 535, 536, 537, 538]

Correlation Summary:

the number of correlation pairs by threshold:

{'>=|0.9|': 419, '>=|0.95|': 329, '>=|0.98|': 201, '>=|0.995|': 108}

all pairs with correlation above each threshold:

Correlation >= 0.90:

 feature_1  feature_2  correlation
       220        543     1.000000
       209        478     1.000000
       578        586     1.000000
       579        587     1.000000
        74        209     1.000000
       206        209     1.000000
        74        342     1.000000
        74        347     1.000000
       492        545     1.000000
       580        588     1.000000
        74        478     1.000000
       581        589     1.000000
       342        347     1.000000
       209        347     1.000000
        85        542     1.000000
       209        342     1.000000
       358        544     1.000000
       206        347     1.000000
       206        478     1.000000
       347        478     1.000000
        74        206     1.000000
       206        342     1.000000
       342        478     1.000000
        34         36     1.000000
       140        275     1.000000
       172        174     1.000000
       307        309     0.999999
       152        287     0.999997
       244        382     0.999995
       244        516     0.999992
       252        390     0.999991
       382        516     0.999990
         4        275     0.999976
         4        140     0.999975
       246        518     0.999942
       251        389     0.999939
       249        387     0.999938
       583        585     0.999890
       176        447     0.999887
       389        523     0.999857
       268        540     0.999837
       251        523     0.999837
       248        520     0.999732
       147        282     0.999596
       245        517     0.999538
       177        448     0.999537
       187        459     0.999528
       148        283     0.999522
       175        446     0.999483
       253        525     0.999362
       147        420     0.999336
       195        467     0.999273
       384        518     0.999267
       254        526     0.999256
       246        384     0.999197
       135        408     0.999166
       181        453     0.999130
       221        493     0.998935
       282        420     0.998835
       148        421     0.998815
       383        517     0.998750
       245        383     0.998748
       551        557     0.998744
       154        427     0.998720
       172        443     0.998534
       174        443     0.998531
       143        416     0.998354
       156        429     0.998249
       267        539     0.998245
       153        288     0.998222
       360        494     0.998114
       197        469     0.998075
       550        556     0.998026
       248        386     0.998017
       138        411     0.997982
       183        455     0.997957
       283        421     0.997874
       255        527     0.997831
       386        520     0.997719
       136        409     0.997531
       551        554     0.997285
       207        479     0.997228
       177        312     0.997130
       198        470     0.997091
       174        445     0.997074
       172        445     0.997070
       203        475     0.997021
       222        494     0.996902
       185        457     0.996777
       164        299     0.996725
       312        448     0.996694
       223        495     0.996677
       160        295     0.996480
       165        300     0.996316
       219        491     0.996241
       435        436     0.996216
       564        568     0.996083
       137        410     0.995814
       252        524     0.995804
       169        440     0.995722
       153        426     0.995720
       224        362     0.995710
       390        524     0.995668
       554        557     0.995665
       155        428     0.995501
       584        585     0.995342
       549        552     0.995325
       213        351     0.995094
       170        441     0.994985
       572        576     0.994772
       583        584     0.994771
       161        296     0.994649
       288        426     0.994432
       180        452     0.994428
       185        321     0.994244
       154        289     0.993929
       157        292     0.993880
       173        444     0.993857
       572        574     0.993689
       434        435     0.993665
       212        350     0.993534
       163        298     0.993392
       289        427     0.993264
       144        417     0.993261
       159        294     0.993240
       516        518     0.993148
       244        518     0.993103
       382        518     0.993100
       225        497     0.993071
       156        291     0.993017
       142        415     0.992614
       384        516     0.992603
       244        384     0.992553
       382        384     0.992546
       492        543     0.992431
       220        545     0.992431
       220        492     0.992431
       434        436     0.992333
       246        516     0.991890
       244        246     0.991847
       246        382     0.991843
       283        287     0.991787
       152        283     0.991776
       574        576     0.991738
        93        106     0.991706
       205        341     0.991697
       443        445     0.991492
       291        429     0.991429
       184        320     0.991305
       148        287     0.991077
       148        152     0.991070
       202        338     0.991012
       222        360     0.990753
       543        545     0.990253
       321        457     0.990235
        99        104     0.990229
       166        437     0.990171
       151        286     0.990003
       267        405     0.989879
        92        105     0.989240
       182        454     0.989082
       565        567     0.988983
       211        349     0.988676
       339        475     0.988404
       162        297     0.988401
       254        392     0.988397
       341        477     0.988219
       323        459     0.988205
       187        323     0.988182
       333        469     0.987307
       217        355     0.987291
       171        306     0.987200
       253        391     0.987185
       405        539     0.986925
       391        525     0.986747
       392        526     0.986745
       205        477     0.986622
       198        334     0.986584
       117        390     0.986234
       117        252     0.986193
       250        522     0.985971
       139        274     0.985728
       255        393     0.985453
       204        340     0.985373
       207        343     0.984731
       559        561     0.984087
       287        421     0.983596
       152        421     0.983591
       564        566     0.983145
       203        339     0.982709
       345        346     0.982621
       197        333     0.982596
       319        455     0.982468
       334        470     0.982431
       183        319     0.982190
       393        527     0.981828
       182        318     0.980827
        25         27     0.980375
       218        490     0.980338
       573        575     0.980265
       550        553     0.980118
       221        359     0.979998
       311        447     0.979600
       384        517     0.979574
       176        311     0.979484
       214        352     0.979281
       246        517     0.979004
       517        518     0.978965
       223        361     0.978803
       219        357     0.978779
       114        387     0.978660
       117        524     0.978643
       167        302     0.978489
       359        493     0.978370
       215        353     0.978116
       566        568     0.977831
        16        287     0.977648
        16        152     0.977566
       553        556     0.977552
       383        384     0.977067
       114        249     0.977050
       137        272     0.976838
       144        279     0.976755
       151        424     0.976231
       246        383     0.976142
       383        518     0.975987
       304        440     0.975898
       169        304     0.975686
       244        517     0.975575
       382        517     0.975565
       516        517     0.975506
       579        580     0.975470
       579        588     0.975470
       580        587     0.975470
       188        324     0.975302
       152        425     0.975092
       287        425     0.974910
       142        277     0.974892
       361        495     0.974829
       250        388     0.974615
       171        442     0.974559
       245        384     0.974289
       587        588     0.974276
       357        491     0.973846
       299        300     0.973800
       245        246     0.973728
       245        518     0.973516
       277        415     0.973074
       343        479     0.973061
       279        417     0.973040
       272        410     0.972587
       244        383     0.971594
       382        383     0.971591
       383        516     0.971516
        16        283     0.971324
       136        271     0.971265
       216        354     0.970998
       269        541     0.970692
        16        148     0.970294
       150        285     0.970257
       184        456     0.970156
       244        245     0.968745
       245        382     0.968733
       271        409     0.968679
       245        516     0.968649
       268        406     0.968498
       228        366     0.968277
       406        540     0.968033
       227        365     0.967630
       318        454     0.967386
       164        300     0.967230
       421        427     0.966963
       286        424     0.966962
       238        376     0.965861
       247        519     0.965517
       165        299     0.964926
       166        301     0.964242
       168        303     0.964165
       388        522     0.964028
       196        332     0.963859
       208        344     0.963688
       164        165     0.963663
       225        363     0.963470
       199        335     0.963223
        16        421     0.963050
       158        293     0.962457
       283        425     0.962218
       306        442     0.962103
       122        127     0.962086
       109        382     0.961909
       109        244     0.961889
       148        425     0.961851
       170        305     0.961750
       109        516     0.961527
       332        335     0.961414
       363        497     0.961121
       172        309     0.959981
       174        309     0.959980
       172        307     0.959958
       174        307     0.959957
       145        280     0.959782
       320        456     0.959551
       317        453     0.959151
       309        443     0.958884
       307        443     0.958864
       173        308     0.958714
       573        577     0.957874
        94         96     0.957010
       181        317     0.956757
       309        445     0.956705
       307        445     0.956679
       290        428     0.955721
       175        310     0.955062
       421        425     0.954601
       239        377     0.954487
       154        421     0.954391
       310        446     0.954265
       289        421     0.954196
       148        427     0.954096
       146        281     0.953870
       430        436     0.953723
       305        441     0.953395
       269        407     0.952827
       331        467     0.952149
       430        435     0.951673
       283        427     0.951061
       308        444     0.950454
       155        290     0.950275
       109        518     0.950117
       218        356     0.949903
       210        348     0.949733
       301        437     0.948637
       109        384     0.948524
       109        246     0.948301
       298        299     0.948073
       430        434     0.948040
        67        340     0.946637
       135        270     0.946474
       385        519     0.946159
       195        331     0.945308
       164        298     0.944443
       270        408     0.943621
       121        123     0.942283
       196        199     0.941986
       332        336     0.941647
       148        289     0.940372
       283        289     0.940277
       565        569     0.939885
       148        154     0.939605
         4        413     0.938416
       199        471     0.938281
       275        413     0.938092
       140        413     0.938078
        16        425     0.936740
       154        283     0.936242
        85        157     0.936025
       332        343     0.935545
        53         54     0.935221
       431        434     0.933359
       431        436     0.932598
       201        337     0.932257
       196        335     0.931071
       356        490     0.930578
       431        435     0.929544
       293        363     0.929219
       335        336     0.929115
       567        569     0.928611
       575        577     0.928311
       298        300     0.928054
       163        164     0.924816
       273        411     0.922887
       163        299     0.922746
        67        477     0.921815
       165        298     0.920107
       336        343     0.919636
       138        273     0.919172
       335        343     0.918260
       196        207     0.916796
         7        275     0.916723
         7        140     0.916715
         4          7     0.916410
       332        469     0.915124
       207        332     0.914543
       407        541     0.912401
       196        336     0.911411
       143        278     0.911188
       196        479     0.910614
       158        225     0.909545
       109        517     0.909534
       225        293     0.908347
       278        416     0.907880
       293        497     0.907828
       287        427     0.907447
       152        427     0.907395
       152        420     0.907167
       287        420     0.907152
       164        435     0.907123
        98        101     0.906788
       332        477     0.906210
       336        469     0.905922
        67        341     0.905317
       338        339     0.905189
       197        332     0.905071
       158        497     0.904748
        46         50     0.904482
        66         70     0.904461
       199        332     0.903100
       283        420     0.903091
       109        383     0.902596
        67        204     0.902231
       148        420     0.902102
       333        336     0.901929
       332        333     0.901810
       207        336     0.901498
       293        388     0.901152
       164        436     0.900980
       196        343     0.900949
       163        300     0.900730
        43         60     0.900309

Correlation >= 0.95:

 feature_1  feature_2  correlation
       206        209     1.000000
        74        342     1.000000
       579        587     1.000000
       209        347     1.000000
       580        588     1.000000
       581        589     1.000000
       220        543     1.000000
       209        478     1.000000
        85        542     1.000000
        74        478     1.000000
        74        347     1.000000
        74        209     1.000000
       358        544     1.000000
       492        545     1.000000
       342        347     1.000000
       578        586     1.000000
       209        342     1.000000
       206        347     1.000000
       206        478     1.000000
       347        478     1.000000
        74        206     1.000000
       206        342     1.000000
       342        478     1.000000
        34         36     1.000000
       140        275     1.000000
       172        174     1.000000
       307        309     0.999999
       152        287     0.999997
       244        382     0.999995
       244        516     0.999992
       252        390     0.999991
       382        516     0.999990
         4        275     0.999976
         4        140     0.999975
       246        518     0.999942
       251        389     0.999939
       249        387     0.999938
       583        585     0.999890
       176        447     0.999887
       389        523     0.999857
       268        540     0.999837
       251        523     0.999837
       248        520     0.999732
       147        282     0.999596
       245        517     0.999538
       177        448     0.999537
       187        459     0.999528
       148        283     0.999522
       175        446     0.999483
       253        525     0.999362
       147        420     0.999336
       195        467     0.999273
       384        518     0.999267
       254        526     0.999256
       246        384     0.999197
       135        408     0.999166
       181        453     0.999130
       221        493     0.998935
       282        420     0.998835
       148        421     0.998815
       383        517     0.998750
       245        383     0.998748
       551        557     0.998744
       154        427     0.998720
       172        443     0.998534
       174        443     0.998531
       143        416     0.998354
       156        429     0.998249
       267        539     0.998245
       153        288     0.998222
       360        494     0.998114
       197        469     0.998075
       550        556     0.998026
       248        386     0.998017
       138        411     0.997982
       183        455     0.997957
       283        421     0.997874
       255        527     0.997831
       386        520     0.997719
       136        409     0.997531
       551        554     0.997285
       207        479     0.997228
       177        312     0.997130
       198        470     0.997091
       174        445     0.997074
       172        445     0.997070
       203        475     0.997021
       222        494     0.996902
       185        457     0.996777
       164        299     0.996725
       312        448     0.996694
       223        495     0.996677
       160        295     0.996480
       165        300     0.996316
       219        491     0.996241
       435        436     0.996216
       564        568     0.996083
       137        410     0.995814
       252        524     0.995804
       169        440     0.995722
       153        426     0.995720
       224        362     0.995710
       390        524     0.995668
       554        557     0.995665
       155        428     0.995501
       584        585     0.995342
       549        552     0.995325
       213        351     0.995094
       170        441     0.994985
       572        576     0.994772
       583        584     0.994771
       161        296     0.994649
       288        426     0.994432
       180        452     0.994428
       185        321     0.994244
       154        289     0.993929
       157        292     0.993880
       173        444     0.993857
       572        574     0.993689
       434        435     0.993665
       212        350     0.993534
       163        298     0.993392
       289        427     0.993264
       144        417     0.993261
       159        294     0.993240
       516        518     0.993148
       244        518     0.993103
       382        518     0.993100
       225        497     0.993071
       156        291     0.993017
       142        415     0.992614
       384        516     0.992603
       244        384     0.992553
       382        384     0.992546
       492        543     0.992431
       220        492     0.992431
       220        545     0.992431
       434        436     0.992333
       246        516     0.991890
       244        246     0.991847
       246        382     0.991843
       283        287     0.991787
       152        283     0.991776
       574        576     0.991738
        93        106     0.991706
       205        341     0.991697
       443        445     0.991492
       291        429     0.991429
       184        320     0.991305
       148        287     0.991077
       148        152     0.991070
       202        338     0.991012
       222        360     0.990753
       543        545     0.990253
       321        457     0.990235
        99        104     0.990229
       166        437     0.990171
       151        286     0.990003
       267        405     0.989879
        92        105     0.989240
       182        454     0.989082
       565        567     0.988983
       211        349     0.988676
       339        475     0.988404
       162        297     0.988401
       254        392     0.988397
       341        477     0.988219
       323        459     0.988205
       187        323     0.988182
       333        469     0.987307
       217        355     0.987291
       171        306     0.987200
       253        391     0.987185
       405        539     0.986925
       391        525     0.986747
       392        526     0.986745
       205        477     0.986622
       198        334     0.986584
       117        390     0.986234
       117        252     0.986193
       250        522     0.985971
       139        274     0.985728
       255        393     0.985453
       204        340     0.985373
       207        343     0.984731
       559        561     0.984087
       287        421     0.983596
       152        421     0.983591
       564        566     0.983145
       203        339     0.982709
       345        346     0.982621
       197        333     0.982596
       319        455     0.982468
       334        470     0.982431
       183        319     0.982190
       393        527     0.981828
       182        318     0.980827
        25         27     0.980375
       218        490     0.980338
       573        575     0.980265
       550        553     0.980118
       221        359     0.979998
       311        447     0.979600
       384        517     0.979574
       176        311     0.979484
       214        352     0.979281
       246        517     0.979004
       517        518     0.978965
       223        361     0.978803
       219        357     0.978779
       114        387     0.978660
       117        524     0.978643
       167        302     0.978489
       359        493     0.978370
       215        353     0.978116
       566        568     0.977831
        16        287     0.977648
        16        152     0.977566
       553        556     0.977552
       383        384     0.977067
       114        249     0.977050
       137        272     0.976838
       144        279     0.976755
       151        424     0.976231
       246        383     0.976142
       383        518     0.975987
       304        440     0.975898
       169        304     0.975686
       244        517     0.975575
       382        517     0.975565
       516        517     0.975506
       580        587     0.975470
       579        588     0.975470
       579        580     0.975470
       188        324     0.975302
       152        425     0.975092
       287        425     0.974910
       142        277     0.974892
       361        495     0.974829
       250        388     0.974615
       171        442     0.974559
       245        384     0.974289
       587        588     0.974276
       357        491     0.973846
       299        300     0.973800
       245        246     0.973728
       245        518     0.973516
       277        415     0.973074
       343        479     0.973061
       279        417     0.973040
       272        410     0.972587
       244        383     0.971594
       382        383     0.971591
       383        516     0.971516
        16        283     0.971324
       136        271     0.971265
       216        354     0.970998
       269        541     0.970692
        16        148     0.970294
       150        285     0.970257
       184        456     0.970156
       244        245     0.968745
       245        382     0.968733
       271        409     0.968679
       245        516     0.968649
       268        406     0.968498
       228        366     0.968277
       406        540     0.968033
       227        365     0.967630
       318        454     0.967386
       164        300     0.967230
       421        427     0.966963
       286        424     0.966962
       238        376     0.965861
       247        519     0.965517
       165        299     0.964926
       166        301     0.964242
       168        303     0.964165
       388        522     0.964028
       196        332     0.963859
       208        344     0.963688
       164        165     0.963663
       225        363     0.963470
       199        335     0.963223
        16        421     0.963050
       158        293     0.962457
       283        425     0.962218
       306        442     0.962103
       122        127     0.962086
       109        382     0.961909
       109        244     0.961889
       148        425     0.961851
       170        305     0.961750
       109        516     0.961527
       332        335     0.961414
       363        497     0.961121
       172        309     0.959981
       174        309     0.959980
       172        307     0.959958
       174        307     0.959957
       145        280     0.959782
       320        456     0.959551
       317        453     0.959151
       309        443     0.958884
       307        443     0.958864
       173        308     0.958714
       573        577     0.957874
        94         96     0.957010
       181        317     0.956757
       309        445     0.956705
       307        445     0.956679
       290        428     0.955721
       175        310     0.955062
       421        425     0.954601
       239        377     0.954487
       154        421     0.954391
       310        446     0.954265
       289        421     0.954196
       148        427     0.954096
       146        281     0.953870
       430        436     0.953723
       305        441     0.953395
       269        407     0.952827
       331        467     0.952149
       430        435     0.951673
       283        427     0.951061
       308        444     0.950454
       155        290     0.950275
       109        518     0.950117

Correlation >= 0.98:

 feature_1  feature_2  correlation
       358        544     1.000000
       580        588     1.000000
       492        545     1.000000
       209        478     1.000000
       209        347     1.000000
       342        347     1.000000
       209        342     1.000000
       220        543     1.000000
       578        586     1.000000
       579        587     1.000000
       206        209     1.000000
       581        589     1.000000
        74        478     1.000000
        74        347     1.000000
        74        342     1.000000
        85        542     1.000000
        74        209     1.000000
       206        347     1.000000
       206        478     1.000000
       347        478     1.000000
        74        206     1.000000
       206        342     1.000000
       342        478     1.000000
        34         36     1.000000
       140        275     1.000000
       172        174     1.000000
       307        309     0.999999
       152        287     0.999997
       244        382     0.999995
       244        516     0.999992
       252        390     0.999991
       382        516     0.999990
         4        275     0.999976
         4        140     0.999975
       246        518     0.999942
       251        389     0.999939
       249        387     0.999938
       583        585     0.999890
       176        447     0.999887
       389        523     0.999857
       268        540     0.999837
       251        523     0.999837
       248        520     0.999732
       147        282     0.999596
       245        517     0.999538
       177        448     0.999537
       187        459     0.999528
       148        283     0.999522
       175        446     0.999483
       253        525     0.999362
       147        420     0.999336
       195        467     0.999273
       384        518     0.999267
       254        526     0.999256
       246        384     0.999197
       135        408     0.999166
       181        453     0.999130
       221        493     0.998935
       282        420     0.998835
       148        421     0.998815
       383        517     0.998750
       245        383     0.998748
       551        557     0.998744
       154        427     0.998720
       172        443     0.998534
       174        443     0.998531
       143        416     0.998354
       156        429     0.998249
       267        539     0.998245
       153        288     0.998222
       360        494     0.998114
       197        469     0.998075
       550        556     0.998026
       248        386     0.998017
       138        411     0.997982
       183        455     0.997957
       283        421     0.997874
       255        527     0.997831
       386        520     0.997719
       136        409     0.997531
       551        554     0.997285
       207        479     0.997228
       177        312     0.997130
       198        470     0.997091
       174        445     0.997074
       172        445     0.997070
       203        475     0.997021
       222        494     0.996902
       185        457     0.996777
       164        299     0.996725
       312        448     0.996694
       223        495     0.996677
       160        295     0.996480
       165        300     0.996316
       219        491     0.996241
       435        436     0.996216
       564        568     0.996083
       137        410     0.995814
       252        524     0.995804
       169        440     0.995722
       153        426     0.995720
       224        362     0.995710
       390        524     0.995668
       554        557     0.995665
       155        428     0.995501
       584        585     0.995342
       549        552     0.995325
       213        351     0.995094
       170        441     0.994985
       572        576     0.994772
       583        584     0.994771
       161        296     0.994649
       288        426     0.994432
       180        452     0.994428
       185        321     0.994244
       154        289     0.993929
       157        292     0.993880
       173        444     0.993857
       572        574     0.993689
       434        435     0.993665
       212        350     0.993534
       163        298     0.993392
       289        427     0.993264
       144        417     0.993261
       159        294     0.993240
       516        518     0.993148
       244        518     0.993103
       382        518     0.993100
       225        497     0.993071
       156        291     0.993017
       142        415     0.992614
       384        516     0.992603
       244        384     0.992553
       382        384     0.992546
       492        543     0.992431
       220        545     0.992431
       220        492     0.992431
       434        436     0.992333
       246        516     0.991890
       244        246     0.991847
       246        382     0.991843
       283        287     0.991787
       152        283     0.991776
       574        576     0.991738
        93        106     0.991706
       205        341     0.991697
       443        445     0.991492
       291        429     0.991429
       184        320     0.991305
       148        287     0.991077
       148        152     0.991070
       202        338     0.991012
       222        360     0.990753
       543        545     0.990253
       321        457     0.990235
        99        104     0.990229
       166        437     0.990171
       151        286     0.990003
       267        405     0.989879
        92        105     0.989240
       182        454     0.989082
       565        567     0.988983
       211        349     0.988676
       339        475     0.988404
       162        297     0.988401
       254        392     0.988397
       341        477     0.988219
       323        459     0.988205
       187        323     0.988182
       333        469     0.987307
       217        355     0.987291
       171        306     0.987200
       253        391     0.987185
       405        539     0.986925
       391        525     0.986747
       392        526     0.986745
       205        477     0.986622
       198        334     0.986584
       117        390     0.986234
       117        252     0.986193
       250        522     0.985971
       139        274     0.985728
       255        393     0.985453
       204        340     0.985373
       207        343     0.984731
       559        561     0.984087
       287        421     0.983596
       152        421     0.983591
       564        566     0.983145
       203        339     0.982709
       345        346     0.982621
       197        333     0.982596
       319        455     0.982468
       334        470     0.982431
       183        319     0.982190
       393        527     0.981828
       182        318     0.980827
        25         27     0.980375
       218        490     0.980338
       573        575     0.980265
       550        553     0.980118

Correlation >= 0.995:

 feature_1  feature_2  correlation
       209        347     1.000000
       206        209     1.000000
       579        587     1.000000
       578        586     1.000000
       492        545     1.000000
       358        544     1.000000
       342        347     1.000000
       220        543     1.000000
       209        478     1.000000
       581        589     1.000000
       209        342     1.000000
       580        588     1.000000
        74        209     1.000000
        74        478     1.000000
        74        347     1.000000
        74        342     1.000000
        85        542     1.000000
       206        478     1.000000
       206        347     1.000000
       347        478     1.000000
        74        206     1.000000
       206        342     1.000000
       342        478     1.000000
        34         36     1.000000
       140        275     1.000000
       172        174     1.000000
       307        309     0.999999
       152        287     0.999997
       244        382     0.999995
       244        516     0.999992
       252        390     0.999991
       382        516     0.999990
         4        275     0.999976
         4        140     0.999975
       246        518     0.999942
       251        389     0.999939
       249        387     0.999938
       583        585     0.999890
       176        447     0.999887
       389        523     0.999857
       268        540     0.999837
       251        523     0.999837
       248        520     0.999732
       147        282     0.999596
       245        517     0.999538
       177        448     0.999537
       187        459     0.999528
       148        283     0.999522
       175        446     0.999483
       253        525     0.999362
       147        420     0.999336
       195        467     0.999273
       384        518     0.999267
       254        526     0.999256
       246        384     0.999197
       135        408     0.999166
       181        453     0.999130
       221        493     0.998935
       282        420     0.998835
       148        421     0.998815
       383        517     0.998750
       245        383     0.998748
       551        557     0.998744
       154        427     0.998720
       172        443     0.998534
       174        443     0.998531
       143        416     0.998354
       156        429     0.998249
       267        539     0.998245
       153        288     0.998222
       360        494     0.998114
       197        469     0.998075
       550        556     0.998026
       248        386     0.998017
       138        411     0.997982
       183        455     0.997957
       283        421     0.997874
       255        527     0.997831
       386        520     0.997719
       136        409     0.997531
       551        554     0.997285
       207        479     0.997228
       177        312     0.997130
       198        470     0.997091
       174        445     0.997074
       172        445     0.997070
       203        475     0.997021
       222        494     0.996902
       185        457     0.996777
       164        299     0.996725
       312        448     0.996694
       223        495     0.996677
       160        295     0.996480
       165        300     0.996316
       219        491     0.996241
       435        436     0.996216
       564        568     0.996083
       137        410     0.995814
       252        524     0.995804
       169        440     0.995722
       153        426     0.995720
       224        362     0.995710
       390        524     0.995668
       554        557     0.995665
       155        428     0.995501
       584        585     0.995342
       549        552     0.995325
       213        351     0.995094

